SENSEI-LIF	LiveJournal2014	0.741	0.719	0.712	SMS2013	0.634	0.710	0.665	Twitter2013	0.706	0.697	0.718	Twitter2014	0.744	0.723	0.737	Twitter2014Sarcasm	0.467	0.527	0.500	Twitter2015	0.662	0.678	0.674	Twitter2016	0.630	0.670	0.617	
INESC-ID	LiveJournal2014	0.702	0.670	0.654	SMS2013	0.609	0.704	0.623	Twitter2013	0.723	0.732	0.723	Twitter2014	0.727	0.723	0.736	Twitter2014Sarcasm	0.554	0.550	0.570	Twitter2015	0.657	0.687	0.675	Twitter2016	0.610	0.662	0.600	
SentiSys	LiveJournal2014	0.726	0.690	0.683	SMS2013	0.633	0.716	0.650	Twitter2013	0.714	0.718	0.727	Twitter2014	0.723	0.708	0.730	Twitter2014Sarcasm	0.515	0.590	0.558	Twitter2015	0.644	0.666	0.670	Twitter2016	0.598	0.641	0.609	
SwissCheese	LiveJournal2014	0.695	0.664	0.667	SMS2013	0.637	0.697	0.693	Twitter2013	0.700	0.681	0.696	Twitter2014	0.716	0.671	0.714	Twitter2014Sarcasm	0.566	0.577	0.581	Twitter2015	0.671	0.677	0.675	Twitter2016	0.633	0.667	0.646	
aueb.twitter.sentiment	LiveJournal2014	0.695	0.685	0.679	SMS2013	0.618	0.684	0.710	Twitter2013	0.666	0.661	0.693	Twitter2014	0.708	0.677	0.720	Twitter2014Sarcasm	0.410	0.506	0.453	Twitter2015	0.623	0.647	0.663	Twitter2016	0.605	0.644	0.629	
unimelb	LiveJournal2014	0.683	0.640	0.639	SMS2013	0.593	0.662	0.628	Twitter2013	0.687	0.666	0.693	Twitter2014	0.706	0.649	0.714	Twitter2014Sarcasm	0.449	0.566	0.523	Twitter2015	0.651	0.653	0.683	Twitter2016	0.617	0.641	0.616	
I2RNTU	LiveJournal2014	0.696	0.655	0.641	SMS2013	0.597	0.683	0.628	Twitter2013	0.693	0.687	0.696	Twitter2014	0.680	0.662	0.710	Twitter2014Sarcasm	0.469	0.498	0.500	Twitter2015	0.638	0.653	0.658	Twitter2016	0.596	0.637	0.593	
ECNU	LiveJournal2014	0.663	0.619	0.617	SMS2013	0.593	0.668	0.609	Twitter2013	0.643	0.623	0.639	Twitter2014	0.662	0.599	0.650	Twitter2014Sarcasm	0.425	0.522	0.488	Twitter2015	0.606	0.610	0.627	Twitter2016	0.585	0.617	0.571	
CUFE	LiveJournal2014	0.697	0.683	0.683	SMS2013	0.596	0.655	0.688	Twitter2013	0.642	0.651	0.688	Twitter2014	0.662	0.649	0.679	Twitter2014Sarcasm	0.466	0.582	0.523	Twitter2015	0.598	0.626	0.646	Twitter2016	0.580	0.619	0.637	
NTNUSentEval	LiveJournal2014	0.719	0.711	0.717	SMS2013	0.641	0.688	0.744	Twitter2013	0.623	0.639	0.699	Twitter2014	0.651	0.649	0.695	Twitter2014Sarcasm	0.427	0.569	0.488	Twitter2015	0.599	0.631	0.654	Twitter2016	0.583	0.619	0.643	
THUIR	LiveJournal2014	0.640	0.599	0.599	SMS2013	0.575	0.652	0.640	Twitter2013	0.616	0.610	0.654	Twitter2014	0.648	0.609	0.683	Twitter2014Sarcasm	0.399	0.541	0.488	Twitter2015	0.617	0.619	0.645	Twitter2016	0.576	0.605	0.596	
LYS	LiveJournal2014	0.655	0.629	0.616	SMS2013	0.579	0.667	0.631	Twitter2013	0.650	0.655	0.673	Twitter2014	0.647	0.629	0.674	Twitter2014Sarcasm	0.407	0.518	0.465	Twitter2015	0.603	0.628	0.632	Twitter2016	0.575	0.615	0.585	
twise	LiveJournal2014	0.649	0.574	0.564	SMS2013	0.540	0.607	0.520	Twitter2013	0.610	0.544	0.549	Twitter2014	0.645	0.522	0.601	Twitter2014Sarcasm	0.450	0.500	0.500	Twitter2015	0.621	0.590	0.580	Twitter2016	0.586	0.598	0.528	
IIP	LiveJournal2014	0.640	0.541	0.542	SMS2013	0.465	0.487	0.346	Twitter2013	0.598	0.559	0.598	Twitter2014	0.645	0.548	0.648	Twitter2014Sarcasm	0.405	0.442	0.465	Twitter2015	0.619	0.588	0.623	Twitter2016	0.574	0.579	0.537	
INSIGHT-1	LiveJournal2014	0.559	0.578	0.600	SMS2013	0.582	0.647	0.703	Twitter2013	0.602	0.608	0.674	Twitter2014	0.644	0.622	0.704	Twitter2014Sarcasm	0.391	0.533	0.477	Twitter2015	0.595	0.609	0.658	Twitter2016	0.593	0.616	0.635	
GTI	LiveJournal2014	0.623	0.595	0.609	SMS2013	0.524	0.582	0.533	Twitter2013	0.612	0.589	0.603	Twitter2014	0.639	0.583	0.627	Twitter2014Sarcasm	0.468	0.503	0.488	Twitter2015	0.584	0.572	0.585	Twitter2016	0.539	0.557	0.518	
UniPI	LiveJournal2014	0.654	0.639	0.628	SMS2013	0.585	0.661	0.645	Twitter2013	0.592	0.613	0.681	Twitter2014	0.627	0.627	0.696	Twitter2014Sarcasm	0.381	0.552	0.465	Twitter2015	0.586	0.615	0.662	Twitter2016	0.571	0.607	0.639	
DIEGOLab16	LiveJournal2014	0.594	0.566	0.547	SMS2013	0.506	0.590	0.542	Twitter2013	0.611	0.603	0.604	Twitter2014	0.618	0.578	0.637	Twitter2014Sarcasm	0.497	0.530	0.523	Twitter2015	0.584	0.595	0.590	Twitter2016	0.554	0.593	0.549	
PUT	LiveJournal2014	0.648	0.625	0.636	SMS2013	0.511	0.584	0.625	Twitter2013	0.565	0.546	0.584	Twitter2014	0.614	0.553	0.633	Twitter2014Sarcasm	0.360	0.472	0.442	Twitter2015	0.597	0.598	0.621	Twitter2016	0.576	0.607	0.584	
MDSENT	LiveJournal2014	0.606	0.556	0.547	SMS2013	0.509	0.582	0.568	Twitter2013	0.589	0.546	0.571	Twitter2014	0.587	0.498	0.610	Twitter2014Sarcasm	0.386	0.449	0.453	Twitter2015	0.593	0.574	0.602	Twitter2016	0.580	0.592	0.545	
ISTI-CNR	LiveJournal2014	0.598	0.576	0.581	SMS2013	0.492	0.573	0.576	Twitter2013	0.538	0.554	0.616	Twitter2014	0.572	0.556	0.640	Twitter2014Sarcasm	0.327	0.418	0.395	Twitter2015	0.508	0.536	0.597	Twitter2016	0.494	0.529	0.567	
SteM	LiveJournal2014	0.405	0.380	0.410	SMS2013	0.315	0.385	0.289	Twitter2013	0.518	0.484	0.490	Twitter2014	0.571	0.509	0.560	Twitter2014Sarcasm	0.320	0.408	0.419	Twitter2015	0.517	0.487	0.492	Twitter2016	0.478	0.496	0.452	
OPAL	LiveJournal2014	0.593	0.578	0.586	SMS2013	0.562	0.623	0.671	Twitter2013	0.567	0.592	0.608	Twitter2014	0.556	0.581	0.617	Twitter2014Sarcasm	0.395	0.493	0.419	Twitter2015	0.531	0.568	0.563	Twitter2016	0.505	0.560	0.541	
Minions	LiveJournal2014	0.475	0.531	0.534	SMS2013	0.521	0.587	0.664	Twitter2013	0.489	0.524	0.576	Twitter2014	0.554	0.550	0.584	Twitter2014Sarcasm	0.420	0.471	0.384	Twitter2015	0.481	0.521	0.556	Twitter2016	0.415	0.485	0.556	
UofL	LiveJournal2014	0.574	0.573	0.561	SMS2013	0.443	0.523	0.499	Twitter2013	0.490	0.520	0.596	Twitter2014	0.547	0.552	0.647	Twitter2014Sarcasm	0.372	0.556	0.453	Twitter2015	0.502	0.532	0.593	Twitter2016	0.499	0.537	0.572	
DSIC-ELIRF	LiveJournal2014	0.517	0.488	0.504	SMS2013	0.404	0.481	0.477	Twitter2013	0.494	0.460	0.509	Twitter2014	0.546	0.470	0.591	Twitter2014Sarcasm	0.342	0.448	0.430	Twitter2015	0.531	0.499	0.550	Twitter2016	0.502	0.511	0.513	
Tweester	LiveJournal2014	0.379	0.402	0.396	SMS2013	0.340	0.399	0.423	Twitter2013	0.506	0.531	0.587	Twitter2014	0.529	0.528	0.616	Twitter2014Sarcasm	0.540	0.478	0.512	Twitter2015	0.479	0.523	0.581	Twitter2016	0.455	0.503	0.523	
ELiRF	LiveJournal2014	0.493	0.480	0.506	SMS2013	0.408	0.504	0.511	Twitter2013	0.462	0.462	0.537	Twitter2014	0.514	0.453	0.602	Twitter2014Sarcasm	0.310	0.467	0.430	Twitter2015	0.493	0.497	0.579	Twitter2016	0.499	0.516	0.543	
aicyber	LiveJournal2014	0.440	0.445	0.465	SMS2013	0.361	0.456	0.483	Twitter2013	0.418	0.435	0.508	Twitter2014	0.457	0.434	0.574	Twitter2014Sarcasm	0.326	0.423	0.384	Twitter2015	0.432	0.451	0.526	Twitter2016	0.402	0.457	0.506	
VCU-TSA	LiveJournal2014	0.336	0.323	0.344	SMS2013	0.307	0.355	0.281	Twitter2013	0.383	0.366	0.410	Twitter2014	0.444	0.386	0.515	Twitter2014Sarcasm	0.425	0.406	0.430	Twitter2015	0.416	0.391	0.445	Twitter2016	0.372	0.390	0.382	
mib	LiveJournal2014	0.359	0.379	0.405	SMS2013	0.310	0.416	0.437	Twitter2013	0.394	0.406	0.472	Twitter2014	0.415	0.390	0.511	Twitter2014Sarcasm	0.352	0.452	0.419	Twitter2015	0.413	0.424	0.500	Twitter2016	0.401	0.438	0.480	
WR	LiveJournal2014	0.366	0.328	0.346	SMS2013	0.284	0.338	0.229	Twitter2013	0.355	0.330	0.362	Twitter2014	0.393	0.337	0.445	Twitter2014Sarcasm	0.430	0.346	0.419	Twitter2015	0.377	0.340	0.382	Twitter2016	0.330	0.333	0.298	
SentimentalITists	LiveJournal2014	0.323	0.379	0.417	SMS2013	0.238	0.363	0.317	Twitter2013	0.339	0.387	0.475	Twitter2014	0.393	0.381	0.563	Twitter2014Sarcasm	0.288	0.380	0.384	Twitter2015	0.343	0.406	0.513	Twitter2016	0.339	0.424	0.480	
_baseline	LiveJournal2014	0.272	0.333	0.374	SMS2013	0.190	0.333	0.235	Twitter2013	0.292	0.333	0.412	Twitter2014	0.346	0.333	0.530	Twitter2014Sarcasm	0.277	0.333	0.384	Twitter2015	0.303	0.333	0.434	Twitter2016	0.255	0.333	0.342	
CICBUAPnlp	LiveJournal2014	0.326	0.351	0.313	SMS2013	0.193	0.318	0.341	Twitter2013	0.193	0.341	0.389	Twitter2014	0.335	0.407	0.390	Twitter2014Sarcasm	0.393	0.365	0.395	Twitter2015	0.303	0.364	0.366	Twitter2016	0.303	0.377	0.374	
_baseline	LiveJournal2014	0.210	0.333	0.266	SMS2013	0.158	0.333	0.188	Twitter2013	0.136	0.333	0.158	Twitter2014	0.098	0.333	0.109	Twitter2014Sarcasm	0.317	0.333	0.465	Twitter2015	0.132	0.333	0.153	Twitter2016	0.135	0.333	0.157	
_baseline	LiveJournal2014	0.000	0.333	0.360	SMS2013	0.000	0.333	0.577	Twitter2013	0.000	0.333	0.430	Twitter2014	0.000	0.333	0.361	Twitter2014Sarcasm	0.000	0.333	0.151	Twitter2015	0.000	0.333	0.413	Twitter2016	0.000	0.333	0.501	
